10 
1.271355 0.501904 0.778167 0.686008 0.157607 0.209022 0.001235 0.516584 0.603458 0.099002 0.501904 1.928332 1.439312 1.268854 0.291513 0.386611 0.002284 0.955483 1.116169 0.183117 0.778167 1.439312 3.231551 1.967267 0.451969 0.599412 0.003541 1.481408 1.730539 0.283910 0.686008 1.268854 1.967267 2.734282 0.398442 0.528424 0.003121 1.305964 1.525591 0.250286 0.157607 0.291513 0.451969 0.398442 1.091540 0.121403 0.000717 0.300039 0.350497 0.057502 0.209022 0.386611 0.599412 0.528424 0.121403 1.161007 0.000951 0.397918 0.464837 0.076260 0.001235 0.002284 0.003541 0.003121 0.000717 0.000951 1.000006 0.002350 0.002746 0.000450 0.516584 0.955483 1.481408 1.305964 0.300039 0.397918 0.002350 1.983428 1.148813 0.188472 0.603458 1.116169 1.730539 1.525591 0.350497 0.464837 0.002746 1.148813 2.342012 0.220168 0.099002 0.183117 0.283910 0.250286 0.057502 0.076260 0.000450 0.188472 0.220168 2.000370 
11.967076 
0.701881 -1.005468 -1.106427 1.790560 2.162384 -0.819278 -0.037050 1.963004 -0.540266 1.717504 
0.588061 -1.215991 -1.432827 1.502819 2.096277 -0.906953 -0.037565 1.746324 -0.793384 0.853241 
1.278520 0.502874 0.784460 0.690021 0.158363 0.209754 0.001246 0.520835 0.607963 0.099174 
0.505470 1.938234 1.443687 1.269044 0.291779 0.388020 0.002287 0.957068 1.127202 0.183933 
0.778203 1.439440 3.243762 1.977726 0.454550 0.603019 0.003562 1.483871 1.742013 0.285190 
0.686399 1.276564 1.982676 2.756227 0.400513 0.530020 0.003148 1.315454 1.540174 0.252603 
0.157831 0.292860 0.453033 0.401877 1.093828 0.122349 0.000723 0.303030 0.354001 0.057854 
0.209578 0.387760 0.604448 0.528549 0.121859 1.162082 0.000957 0.398142 0.464878 0.076961 
0.001238 0.002297 0.003565 0.003147 0.000722 0.000956 1.002060 0.002367 0.002759 0.000452 
0.520430 0.956518 1.490282 1.310995 0.302244 0.400341 0.002363 1.990595 1.150554 0.188896 
0.608303 1.121941 1.747671 1.537056 0.351708 0.465622 0.002764 1.154464 2.343500 0.221709 
0.099148 0.184856 0.284312 0.252551 0.057900 0.076491 0.000452 0.188605 0.222296 2.014036 
0.583309 -1.194007 -1.428858 1.491662 2.087592 -0.899726 -0.037506 1.736902 -0.793400 0.847382 
0.701890 -1.014104 -1.107745 1.796865 2.174047 -0.822493 -0.037152 1.981635 -0.542563 1.726174 
0.587065 -1.226487 -1.437027 1.506582 2.107355 -0.910942 -0.037672 1.763041 -0.797917 0.857468 
