function y1 = poly(x1);
a = 0.1445;
b = -0.8262;
c = -5.8774;
d = -13.4301;
e = -63.0958;
y1 = a*x1^4 + b*x1^3 + c*x1^2 + d*x1 + e;
end